0.104343561,0,0,0,0,0,0,6,1,0,0,0,0,0,0,0,1,5,7,0.424285714,0.88,0.2
-0.199180173,0,0,0,0,2,0,7,4,0,0,0,0,0,0,0,1,13,13,0.421538462,0.897692308,-0.5
-0.23745254,0,0,0,0,1,0,7,2,0,1,0,0,0,0,0,1,6,9,0.411111111,0.833333333,-0.1
-0.201702704,0,0,0,0,4,0,8,1,0,2,0,1,0,0,0,1,10,14,0.375714286,0.845,-0.6
-0.227058481,0,0,0,0,0,0,5,1,0,1,0,0,0,0,0,1,7,5,0.39,0.834285714,-0.3
-0.253008021,0,0,0,0,0,0,2,0,0,0,0,0,0,0,0,1,5,8,0.4225,0.734,0
0,0,0,1,1,0,0,0,0,0,0,0,0,0,0,0,1,1,3,0.436666667,0.92,0
-0.231702083,0,0,0,0,1,0,3,1,0,0,0,0,0,0,0,1,4,7,0.364285714,0.9075,-0.5
-0.126504011,0,0,1,1,0,0,3,0,0,0,0,0,0,0,1,1,3,5,0.432,0.926666667,-0.3
-0.136235088,0,0,1,1,1,0,8,4,0,0,0,0,0,0,0,1,13,10,0.448,0.835384615,-0.3
-0.098392008,0,0,0,0,0,0,1,1,0,0,0,0,0,0,0,1,3,3,0.436666667,0.896666667,0
0,0,0,0,0,0,0,2,0,0,0,0,0,0,0,0,1,4,5,0.386,0.9025,0.3
0.126504011,0,0,0,0,0,0,1,0,2,0,0,0,0,0,0,1,4,5,0.428,0.8775,-0.4
-0.194621555,0,0,0,0,1,0,9,2,0,0,0,0,0,0,0,1,11,10,0.359,0.834545455,-0.7
-0.151629953,0,0,0,0,0,0,2,2,0,1,0,0,0,0,0,1,5,7,0.425714286,0.784,0
-0.137532565,0,0,0,0,0,0,10,3,0,0,0,0,0,0,0,1,11,10,0.408,0.844545455,-0.4
-0.247257839,0,0,0,0,0,0,3,3,0,0,0,0,0,0,0,1,10,5,0.426,0.863,-0.7
-0.195506198,0,0,0,0,1,0,4,1,0,0,0,1,0,0,0,1,5,6,0.455,0.904,-1
-0.217165218,0,0,0,0,0,0,6,3,0,0,0,0,0,0,0,1,7,4,0.4525,0.764285714,-0.8
-0.222340382,0,0,0,0,0,0,0,1,0,0,0,0,0,0,0,1,2,3,0.436666667,0.885,-0.4
-0.143371212,0,0,0,0,0,0,8,5,0,0,0,0,0,0,0,1,9,8,0.4375,0.886666667,-0.5
-0.253008021,0,0,0,0,1,0,3,3,0,0,0,0,0,0,0,1,10,9,0.372222222,0.876,-0.5
0.00538952,0,0,0,0,0,0,9,4,0,0,0,0,0,0,0,1,9,8,0.4725,0.866666667,0.3
-0.221382019,0,0,0,0,0,0,2,3,4,0,0,0,0,0,0,1,9,7,0.335714286,0.798888889,-1
-0.11244801,0,0,0,0,0,0,2,2,0,0,0,0,0,0,0,1,6,4,0.415,0.896666667,-0.3
-0.197970562,0,0,0,0,0,0,5,4,3,0,0,0,0,1,0,1,5,6,0.426666667,0.79,-1
-0.139154412,0,0,0,0,1,0,1,3,0,0,0,0,0,0,0,1,6,5,0.488,0.796666667,-0.2
0.084336007,0,0,0,0,0,0,4,1,0,0,0,0,0,0,0,1,5,7,0.394285714,0.894,1
-0.171316233,0,0,0,0,0,0,9,3,0,1,0,0,0,0,0,1,9,9,0.384444444,0.885555556,-0.3
-0.161136537,0,0,0,0,0,0,4,3,0,1,0,0,0,0,0,1,4,8,0.34875,0.82,-0.2
-0.126504011,0,0,0,0,0,0,0,2,0,0,0,0,0,0,0,1,2,6,0.37,0.89,-0.3
-0.253008021,0,0,0,0,0,0,1,2,0,1,0,0,0,0,0,1,6,4,0.42,0.825,0
-0.063252005,0,0,0,0,0,0,1,1,0,0,0,0,0,0,0,1,3,3,0.436666667,0.893333333,0
-0.131189344,0,0,0,0,0,0,1,2,0,0,0,0,0,0,0,1,3,6,0.505,0.903333333,-0.3
-0.203271402,0,0,0,0,0,0,8,2,0,0,0,0,0,0,0,1,13,10,0.381,0.816153846,-0.2
-0.129516011,0,0,0,0,1,0,1,3,0,4,0,0,0,0,0,1,8,10,0.423,0.89125,-0.6
0.088660931,0,0,0,0,0,0,11,2,0,0,0,0,0,0,0,1,13,8,0.37125,0.803846154,1
-0.11244801,0,0,0,0,0,0,2,0,0,2,0,0,0,0,0,1,3,4,0.4225,0.903333333,-0.3
-0.151804813,0,0,0,0,1,0,2,1,0,1,0,0,0,0,0,1,7,6,0.29,0.862857143,0
0.137046012,0,0,0,0,0,0,2,1,0,0,0,0,0,0,0,1,6,7,0.43,0.823333333,1
-0.174997215,0,0,0,0,0,0,5,4,0,0,0,0,0,0,0,1,6,11,0.424545455,0.793333333,-0.3
-0.197904269,0,0,0,0,0,0,8,2,0,1,0,0,0,0,0,1,6,4,0.4,0.883333333,-0.1
-0.155419213,0,0,0,0,0,0,5,5,0,2,0,0,0,0,0,1,9,10,0.343,0.886666667,-0.3
-0.211089533,0,0,0,0,0,0,7,4,0,0,0,0,0,0,0,1,10,7,0.452857143,0.824,-1
-0.168672014,0,0,0,0,0,0,2,1,0,1,0,0,0,0,0,1,3,4,0.41,0.886666667,0
-0.103077342,0,0,0,0,0,0,4,2,0,3,0,2,0,0,0,1,6,7,0.427142857,0.906666667,-0.7
-0.156624013,0,0,0,0,1,0,8,3,0,0,0,0,0,0,0,1,10,8,0.4125,0.807,-0.3
0.038924311,0,0,0,0,0,0,8,4,0,0,0,0,0,0,0,1,9,7,0.422857143,0.858888889,0.5
-0.151804813,0,0,0,0,0,0,4,1,0,0,0,0,0,0,0,1,5,7,0.394285714,0.894,-0.3
-0.162648014,0,0,0,0,1,0,2,2,0,0,0,1,0,0,0,1,8,8,0.44375,0.825,-1
-0.103100769,0,0,0,0,1,0,4,1,0,0,0,0,0,0,0,1,8,9,0.341111111,0.83625,0
-0.177105615,0,0,0,0,1,0,6,3,0,0,0,0,0,0,0,1,8,7,0.404285714,0.8125,-0.5
-0.067065536,0,0,0,0,0,0,3,1,0,0,0,0,0,0,0,1,1,8,0.4675,0.92,0
-0.202406417,0,0,0,0,1,0,2,2,0,0,0,0,0,0,0,1,3,4,0.4525,0.87,-0.3
0.084336007,1,1,0,0,1,0,2,2,1,0,0,0,0,0,0,1,5,8,0.40375,0.836,1
-0.133404229,0,0,0,0,0,0,3,1,0,0,0,0,0,0,0,1,8,7,0.375714286,0.855,-0.2
-0.151804813,0,0,0,0,0,0,4,1,3,0,0,0,0,0,0,1,7,6,0.443333333,0.802857143,-0.3
-0.132688651,0,0,0,0,1,0,7,5,0,1,0,0,0,0,0,1,7,12,0.389166667,0.835714286,-0.2
-0.183732016,0,0,0,0,0,0,4,4,0,1,0,0,0,0,0,1,14,9,0.403333333,0.78,-1
0,0,0,0,0,0,0,4,4,0,1,0,0,0,0,0,1,14,9,0.403333333,0.78,-1
-0.134299776,0,0,0,0,0,0,6,8,0,0,0,0,0,0,0,1,10,11,0.412727273,0.813,-0.3
-0.141947357,0,0,0,0,0,0,9,1,0,0,0,0,0,0,0,1,10,4,0.4675,0.775,-1
0,0,0,0,0,0,0,0,1,0,0,0,0,0,0,0,1,1,5,0.412,0.92,0
-0.23493602,0,0,0,0,0,0,9,3,0,0,0,0,0,0,0,1,10,10,0.506,0.853,-1
-0.033734403,0,0,0,0,1,0,4,0,0,0,0,0,0,0,0,1,8,12,0.456666667,0.8675,-1
-0.198792017,0,0,0,0,0,0,7,5,0,2,0,0,0,0,0,1,8,8,0.3525,0.82,-0.8
-0.052710004,0,0,0,0,0,0,3,1,0,0,0,0,0,0,0,1,5,7,0.502857143,0.876,0.2
-0.202406417,0,0,0,0,0,0,4,1,1,3,0,0,0,0,0,1,3,6,0.433333333,0.9,-0.9
-0.069002188,0,0,0,0,0,0,5,0,0,0,0,0,0,0,0,1,4,5,0.446,0.82,0
-0.034058772,0,0,0,0,0,0,4,0,0,0,0,0,0,0,0,1,3,4,0.45,0.893333333,0
-0.168672014,0,0,0,0,0,0,2,1,0,0,0,0,0,0,0,1,3,6,0.425,0.803333333,0
-0.145573088,0,0,0,0,0,0,7,5,0,0,1,1,0,0,0,1,6,7,0.43,0.863333333,-0.5
-0.031626003,0,0,0,0,0,0,1,0,0,0,0,0,0,0,0,1,2,3,0.436666667,0.895,0
0.253008021,1,1,0,0,0,0,1,0,0,0,0,0,0,0,0,1,2,4,0.485,0.76,0.3
-0.070280006,0,0,0,0,0,0,2,0,0,0,0,0,0,0,0,1,1,3,0.436666667,0.92,0
0.038015094,0,0,0,0,1,0,5,0,0,0,0,0,0,0,0,1,4,8,0.4275,0.8775,1
0.011291267,0,0,0,0,0,0,4,5,0,0,0,0,0,0,0,1,6,9,0.451111111,0.891666667,0.7
-0.095836372,0,0,0,0,0,0,2,1,0,0,0,0,0,0,0,1,3,7,0.44,0.913333333,0
0.036144003,0,0,0,0,0,0,6,0,0,0,0,0,0,0,0,1,6,8,0.40625,0.898333333,0.8
0.11385361,0,0,0,0,1,0,5,3,0,1,0,0,0,0,0,1,12,11,0.452727273,0.794166667,1
0.001179525,0,0,0,0,0,0,4,0,0,0,0,0,0,0,0,1,4,7,0.404285714,0.91,0.3
-0.0875797,0,0,0,0,0,0,1,1,0,0,0,0,0,0,0,1,1,5,0.412,0.92,0
-0.091564808,0,0,0,0,1,0,4,2,0,0,1,0,0,0,0,1,4,5,0.422,0.845,-0.6
0,0,0,0,0,0,0,1,0,1,0,0,0,0,0,0,1,3,4,0.4225,0.913333333,0.2
0,0,0,0,0,0,0,2,0,0,0,0,0,0,0,0,1,1,3,0.436666667,0.92,0
-0.11947601,0,0,0,0,1,0,2,0,1,0,0,0,0,0,0,1,4,4,0.435,0.75,-0.3
-0.126504011,0,0,0,0,0,0,3,0,0,1,0,0,0,1,0,1,3,4,0.435,0.8,0
-0.151804813,0,0,0,0,0,0,4,1,0,1,0,0,0,0,0,1,5,6,0.356666667,0.864,0
-0.253008021,0,0,0,0,0,0,1,0,0,0,0,0,0,0,0,1,1,4,0.535,0.92,0
0.126504011,0,0,0,0,0,0,10,1,0,0,0,0,0,1,0,1,9,10,0.386,0.876666667,1
-0.168672014,0,0,0,0,0,0,1,1,0,0,0,0,0,0,0,1,6,3,0.436666667,0.893333333,-1
0.063252005,0,0,0,0,0,0,4,3,0,0,0,0,0,0,0,1,9,7,0.404285714,0.867777778,0.7
-0.168672014,0,0,0,0,1,0,4,3,0,1,0,0,0,0,0,1,11,7,0.48,0.865454545,-1
0,0,0,1,1,0,0,0,0,3,0,0,0,0,0,0,1,2,3,0.436666667,0.76,0
-0.132254193,0,0,0,0,0,0,7,3,0,2,0,0,0,0,0,1,7,5,0.422,0.897142857,-0.7
0.053975045,0,0,0,0,1,0,3,1,0,0,0,0,0,0,0,1,3,6,0.426666667,0.883333333,1
-0.126504011,0,0,0,0,0,0,1,1,0,0,0,0,0,0,0,1,3,3,0.436666667,0.85,-0.2
-0.210840018,0,0,0,0,0,0,2,1,0,0,0,1,0,0,0,1,6,6,0.411666667,0.915,-1
-0.126504011,0,0,0,0,0,0,5,1,0,1,0,0,0,0,0,1,4,4,0.4375,0.8175,-1
-0.137046012,0,0,0,0,1,0,8,5,0,0,0,0,0,0,0,1,14,11,0.430909091,0.84,-1
-0.050601604,0,0,0,0,0,0,6,5,0,0,0,0,0,0,0,1,5,11,0.431818182,0.854,-1
-0.205569017,0,0,0,0,1,0,10,3,0,2,0,0,0,0,0,1,9,8,0.395,0.82,-1
-0.215631836,0,0,0,0,0,0,6,1,0,1,0,0,0,0,0,1,2,5,0.328,0.95,-1
-0.224896019,0,0,0,0,0,0,5,3,0,0,0,0,0,0,0,1,10,9,0.401111111,0.848,-1
-0.147588012,0,0,0,0,1,0,4,1,0,1,0,0,0,0,0,1,10,5,0.448,0.786,0
-0.103663009,0,0,0,0,0,0,11,4,0,0,0,0,0,0,0,1,6,12,0.406666667,0.845,-1
-0.195506198,0,0,0,0,0,0,5,4,0,0,0,0,0,0,0,1,9,9,0.442222222,0.846666667,-1
-0.016867201,0,0,0,0,0,0,10,4,0,0,0,0,0,0,0,1,7,13,0.409230769,0.85,-1
0,0,0,0,0,0,0,9,4,0,0,0,0,0,0,0,1,6,12,0.406666667,0.845,-1
0,0,0,0,0,0,0,6,4,0,0,0,0,0,0,0,1,5,12,0.406666667,0.818,-1
-0.168672014,0,0,0,0,1,0,8,3,0,0,0,0,0,0,0,1,8,8,0.35125,0.84,-1
-0.189756016,0,0,0,0,0,0,2,2,0,1,0,0,0,0,0,1,7,8,0.37875,0.798571429,-1
-0.060638286,0,0,0,0,0,0,5,4,0,2,0,0,0,0,0,1,3,5,0.44,0.916666667,-1
-0.140560012,0,0,0,0,0,0,8,5,0,1,0,0,0,0,0,1,7,7,0.454285714,0.851428571,-1
-0.021084002,0,0,0,0,0,0,8,4,0,0,0,0,0,0,0,1,9,6,0.443333333,0.828888889,0
-0.163852814,0,0,0,0,1,0,1,4,0,0,2,0,0,0,0,1,6,6,0.395,0.86,-1
0.050218259,0,0,0,0,0,0,5,3,0,0,0,0,0,0,0,1,5,11,0.436363636,0.88,0.7
-0.155697244,0,0,0,0,0,0,8,4,0,2,0,0,0,0,0,1,11,8,0.3875,0.833636364,0
0.067468806,1,1,0,0,0,0,4,2,0,0,0,1,0,0,0,1,6,7,0.421428571,0.835,1
-0.108432009,0,0,0,0,0,0,4,3,0,1,0,0,0,0,0,1,9,9,0.293333333,0.818888889,-0.6
-0.063252005,0,0,0,0,1,0,2,0,0,1,0,0,0,0,0,1,3,6,0.428333333,0.883333333,-0.7
-0.014056001,0,0,0,0,0,0,7,4,0,0,0,0,0,0,0,1,11,6,0.44,0.841818182,0
-0.150831705,0,0,0,0,1,0,7,1,4,0,0,1,0,0,0,1,8,9,0.368888889,0.85625,-1
-0.178792335,0,0,0,0,2,0,4,1,1,0,0,0,0,0,0,1,9,15,0.432,0.827777778,-1
-0.126504011,0,0,0,0,1,0,8,4,0,0,0,1,0,0,0,1,8,11,0.464545455,0.8175,-1
-0.145966166,0,0,0,0,1,0,7,2,0,1,0,0,0,0,0,1,11,6,0.373333333,0.765454545,-0.6
0,0,0,0,0,0,0,1,1,0,0,0,0,0,1,0,1,3,3,0.436666667,0.883333333,0.5
-0.126504011,0,0,0,0,0,0,1,1,0,1,0,0,0,0,0,1,3,5,0.412,0.89,0
-0.168672014,0,0,0,0,0,0,4,2,0,0,0,0,0,0,0,1,2,4,0.4125,0.935,0
-0.253008021,0,0,1,1,0,0,0,2,0,1,0,0,0,0,0,1,4,4,0.425,0.9,-0.3
-0.194274016,0,0,0,0,0,0,3,4,0,0,0,0,0,0,0,1,6,11,0.501818182,0.908333333,-1
-0.131870848,0,0,0,0,0,0,5,5,0,0,0,0,0,0,0,1,10,9,0.521111111,0.837,-1
-0.165428322,0,0,1,1,1,0,6,2,0,1,0,0,0,0,0,1,8,6,0.386666667,0.8275,-1
-0.168672014,0,0,0,0,0,0,1,2,0,0,0,0,0,0,0,1,2,3,0.436666667,0.77,-0.7
-0.126504011,0,0,1,1,0,0,4,0,0,1,0,0,0,0,0,1,4,3,0.436666667,0.8475,-0.5
-0.116772933,0,0,0,0,0,0,6,4,1,0,0,1,0,0,0,1,11,10,0.418,0.877272727,-1
-0.253008021,0,0,1,1,0,0,2,1,0,1,0,0,0,0,0,1,6,4,0.405,0.898333333,-1
-0.144576012,0,0,0,0,0,0,10,3,0,0,0,0,0,0,0,1,5,7,0.447142857,0.838,-1
-0.23192402,0,0,0,0,0,0,6,5,0,1,0,0,0,0,0,1,5,10,0.335,0.886,-1
-0.227707219,0,0,0,0,2,0,4,3,0,1,0,1,0,0,0,1,9,11,0.346363636,0.776666667,-1
-0.177105615,0,0,0,0,0,0,6,4,0,0,0,0,0,0,0,1,9,5,0.45,0.827777778,-1
-0.11244801,0,0,0,0,1,0,5,3,0,1,0,0,0,0,0,1,7,5,0.36,0.898571429,0
0.042168004,0,0,0,0,0,0,9,3,0,0,0,0,0,0,0,1,7,8,0.40375,0.838571429,0.3
-0.128984481,0,0,0,0,0,0,9,4,0,2,0,0,0,0,0,1,10,9,0.394444444,0.838,-1
-0.150255784,0,0,0,0,1,0,7,2,1,0,0,0,0,0,0,1,10,8,0.53375,0.808,-0.2
-0.168672014,0,0,0,0,0,0,10,3,0,0,0,0,0,0,0,1,8,10,0.417,0.86625,-1
-0.158130013,0,0,0,0,1,0,4,2,0,0,0,0,0,0,0,1,3,6,0.415,0.886666667,-1
-0.059035205,0,0,0,0,0,0,3,6,0,0,0,0,0,0,0,1,9,12,0.533333333,0.85,0
-0.107041855,0,0,0,0,0,0,5,5,0,1,0,0,0,0,0,1,8,12,0.435,0.9,-1
-0.174805542,0,0,0,0,0,0,5,3,0,1,0,0,0,0,0,1,7,10,0.381,0.807142857,0
-0.084336007,0,0,0,0,0,0,4,2,0,1,0,0,0,0,0,1,4,6,0.423333333,0.9025,0
-0.072288006,0,0,0,0,0,0,3,3,0,0,0,0,0,0,0,1,7,6,0.393333333,0.864285714,0
-0.121543069,0,0,0,0,2,0,13,2,0,2,0,0,0,0,0,1,9,14,0.432857143,0.871111111,-1
-0.12088161,0,0,0,0,2,0,12,3,0,0,0,0,0,0,0,1,9,12,0.393333333,0.836666667,-0.2
-0.144576012,0,0,0,0,0,0,4,3,0,0,0,0,0,0,0,1,5,5,0.434,0.888,-0.4
0,0,0,0,0,0,0,1,0,0,0,0,0,0,0,0,1,3,3,0.436666667,0.883333333,0
-0.090360008,0,0,0,0,0,0,9,4,0,0,0,0,0,0,0,1,8,6,0.466666667,0.85625,-0.6
-0.092002917,0,0,0,0,0,0,7,3,0,0,0,0,0,0,0,1,9,12,0.47,0.855555556,-1
-0.084336007,0,0,0,0,0,0,2,2,0,0,0,0,0,0,0,1,5,7,0.468571429,0.852,-1
-0.11859751,0,0,0,0,0,0,10,4,0,1,0,0,0,0,0,1,10,6,0.4,0.821,0
-0.108432009,0,0,0,0,0,0,5,8,0,0,0,1,0,0,0,1,11,12,0.501666667,0.850909091,-1
0.093706675,1,1,0,0,2,0,5,2,0,1,0,0,0,0,0,1,5,9,0.411111111,0.894,1
-0.168672014,0,0,0,0,0,0,3,2,2,0,0,0,0,0,0,1,8,7,0.422857143,0.83375,-1
-0.189756016,0,0,0,0,0,0,3,2,0,2,0,0,0,0,0,1,5,8,0.4425,0.81,-1
-0.189756016,0,0,0,0,0,0,2,2,1,0,0,0,0,0,0,1,4,5,0.44,0.91,-0.5
-0.063252005,0,0,0,0,1,0,1,0,0,0,1,0,0,0,0,1,7,3,0.436666667,0.868571429,-1
-0.126504011,0,0,0,0,0,0,2,1,0,0,0,0,0,0,0,1,4,6,0.42,0.85,0
-0.216864018,0,0,0,0,0,0,2,6,0,7,0,0,0,0,0,1,1,3,0.436666667,0.92,-1
-0.132829211,0,0,0,0,0,0,3,2,0,1,0,0,0,1,0,1,3,4,0.425,0.953333333,0
-0.162648014,0,0,0,0,0,0,13,1,1,0,0,0,0,0,0,1,14,12,0.405833333,0.806428571,-1
-0.189756016,1,1,0,0,0,0,2,0,0,0,0,0,0,0,0,1,4,3,0.436666667,0.915,-1
-0.155697244,0,0,0,0,1,0,6,2,0,0,2,0,0,0,0,1,9,10,0.447,1.16E+13,-1
0,1,1,0,0,0,0,1,0,0,0,0,0,0,0,0,1,1,3,0.436666667,0.92,-1
-0.126504011,0,0,0,0,0,0,3,2,0,1,0,0,0,0,0,1,5,4,0.4525,0.876,-1
0,0,0,0,0,0,0,0,1,0,0,0,0,0,0,0,1,3,3,0.436666667,0.8,0
-0.145245346,0,0,0,0,2,0,9,3,0,0,0,0,0,0,0,1,9,8,0.4175,0.872222222,-1
-0.126504011,0,0,0,0,0,0,7,7,2,0,0,0,0,0,0,1,9,9,0.386666667,0.855555556,-1
-0.137046012,0,0,0,0,0,0,10,2,0,2,1,0,0,0,0,1,10,10,0.419,0.864,-1
-0.106624809,0,0,0,0,0,0,8,4,0,1,0,0,0,0,0,1,11,12,0.470833333,0.798181818,-0.5
-0.126504011,0,0,0,0,1,0,2,0,0,1,0,1,0,0,0,1,3,8,0.42125,0.873333333,-1
-0.126504011,0,0,0,0,0,0,4,2,0,1,0,0,0,0,0,1,5,3,0.436666667,0.832,-1
-0.144576012,0,0,0,0,0,0,8,5,0,1,0,0,0,0,0,1,6,8,0.4325,0.8,-1
-0.019462155,0,0,0,0,0,0,8,4,0,0,0,0,0,0,0,1,11,8,0.42125,0.873636364,-0.5
-0.063252005,0,0,0,0,0,0,10,5,0,0,0,0,0,0,0,1,11,10,0.412,0.837272727,0
-0.081324007,0,0,0,0,0,0,7,2,0,0,0,0,0,0,0,1,7,9,0.414444444,0.892857143,-0.5
-0.12334141,0,0,0,0,0,0,9,4,0,0,0,1,0,0,0,1,7,8,0.4075,0.822857143,-1
-0.138004375,0,0,0,0,0,0,5,3,0,0,0,0,0,0,0,1,6,6,0.475,0.906666667,-1
0,0,0,0,0,1,0,1,2,0,0,1,0,0,0,0,1,8,5,0.414,0.82375,1
-0.126504011,0,0,0,0,0,0,8,7,0,0,0,0,0,0,0,1,9,6,0.345,0.824444444,0
-0.157484585,0,0,0,0,0,0,8,3,0,0,0,0,0,0,0,1,9,16,0.453125,0.828888889,-1
0,0,0,0,0,0,0,1,1,0,0,1,0,0,0,0,1,4,3,0.436666667,0.8675,1
0,0,0,0,0,0,0,1,1,0,0,0,0,0,0,0,1,3,3,0.436666667,0.883333333,0
-0.184005834,0,0,0,0,0,0,5,2,0,0,0,0,0,0,0,1,5,8,0.465,0.91,-1
0.132829211,0,0,0,0,0,0,7,2,0,1,0,0,0,0,0,1,8,5,0.386,0.8975,0.5
0.019462155,0,0,0,0,0,0,8,5,0,1,0,0,0,0,1,1,9,7,0.447142857,0.866666667,1
-0.092002917,0,0,0,0,0,0,5,3,0,1,0,0,0,0,0,1,10,5,0.46,0.846,-0.5
-0.126504011,0,0,0,0,0,0,3,2,2,0,0,0,0,0,0,1,4,8,0.4725,0.8325,-1
-0.253008021,0,0,0,0,0,0,2,1,0,0,0,0,0,0,0,1,5,4,0.3775,0.866,-0.5
-0.07496534,0,0,0,0,0,0,7,2,0,1,0,0,0,0,0,1,6,7,0.391428571,0.896666667,0
-0.108432009,1,1,0,0,0,0,3,1,0,0,0,0,0,0,0,1,3,8,0.505,0.8,-1
-0.161005105,0,0,1,1,0,0,7,1,0,2,0,1,0,0,0,1,5,8,0.38,0.776,-1
-0.126504011,0,0,0,0,0,0,8,4,0,0,0,0,0,0,0,1,9,12,0.413333333,0.83,-1
0,0,0,0,0,0,0,0,0,0,0,0,0,0,0,0,1,2,3,0.436666667,0.76,0
-0.170613962,0,0,0,0,0,0,8,6,0,0,0,1,0,0,0,1,12,14,0.386428571,0.8725,-1
-0.126504011,0,0,0,0,0,0,9,4,0,1,0,0,0,0,0,1,11,8,0.36875,0.849090909,-1
-0.090360008,0,0,0,0,1,0,8,1,0,1,0,0,0,0,0,1,7,9,0.422222222,0.867142857,-1
-0.063252005,0,0,0,0,0,0,1,1,0,0,0,0,0,0,0,1,1,5,0.412,0.92,0
-0.202406417,0,0,0,0,1,0,7,4,0,2,0,0,0,0,0,1,8,13,0.481538462,0.7725,-0.6
-0.031626003,0,0,0,0,0,0,3,0,0,0,0,0,0,0,0,1,7,6,0.428333333,0.868571429,0
0,0,0,0,0,0,0,5,0,0,0,0,0,0,0,0,1,6,7,0.41,0.886666667,1
-0.144576012,0,0,0,0,0,0,9,4,0,0,0,0,0,0,0,1,12,10,0.349,0.868333333,-1
-0.084336007,0,0,0,0,0,0,2,0,0,0,0,0,0,0,0,1,3,4,0.45,0.926666667,0
-0.090360008,0,0,0,0,0,0,4,2,0,0,0,0,0,0,0,1,2,7,0.387142857,0.9,0
-0.077589127,0,0,0,0,0,0,12,2,0,1,0,0,0,0,0,1,6,8,0.37,0.866666667,-0.4
-0.137046012,0,0,0,0,0,0,8,0,0,1,0,0,0,0,0,1,8,5,0.4,0.89375,0
0,0,0,0,0,0,0,1,0,0,0,0,0,0,0,0,1,1,3,0.436666667,0.92,0
-0.060240005,0,0,0,0,2,0,8,2,0,0,0,0,0,0,0,1,12,18,0.426666667,0.87,-1
-0.253008021,0,0,0,0,0,0,2,0,0,0,0,0,0,0,0,1,5,4,0.4525,0.9,0
-0.115003646,0,0,0,0,1,0,6,4,0,1,0,0,0,0,0,1,9,9,0.383333333,0.843333333,0
-0.116772933,0,0,0,0,1,0,7,2,0,0,0,0,3,0,0,1,7,12,0.443333333,0.852857143,-1
-0.116772933,0,0,0,0,1,0,7,3,0,2,0,0,0,0,0,1,6,6,0.375,0.881666667,-1
-0.016867201,0,0,0,0,0,0,2,2,0,0,0,0,0,0,0,1,2,7,0.457142857,0.895,0
-0.084336007,0,0,1,1,0,0,2,3,0,0,0,0,0,0,0,1,7,7,0.417142857,0.87,-1
-0.11807041,0,0,0,0,0,0,6,1,0,0,0,0,0,0,0,1,6,6,0.378333333,0.883333333,-0.6
-0.146182412,0,0,0,0,1,0,5,7,0,0,0,0,0,0,0,1,11,14,0.422142857,0.860909091,-1
-0.151804813,0,0,0,0,0,0,8,6,0,0,0,0,0,0,0,1,10,12,0.409166667,0.886,-1
-0.089296949,0,0,0,0,1,0,10,3,0,0,0,0,0,1,0,1,8,15,0.428666667,0.845,-1
-0.11469697,0,0,0,0,1,0,7,2,0,0,0,0,0,0,0,1,14,9,0.427777778,0.84,-1
-0.136235088,0,0,0,0,0,0,11,1,0,0,0,0,0,0,0,1,12,10,0.443,0.831666667,0
-0.135540011,1,1,0,0,0,0,9,4,0,0,0,0,0,0,0,1,12,4,0.465,0.824166667,-1
-0.253008021,0,0,0,0,0,0,0,0,0,0,0,0,0,0,1,1,1,3,0.436666667,0.92,0
0,0,0,0,0,0,0,1,1,0,0,0,0,0,0,0,1,4,3,0.436666667,0.8125,0
-0.110691009,0,0,0,0,1,0,9,2,0,1,1,0,0,0,0,1,10,12,0.358333333,0.85,0
-0.104576649,1,1,0,0,3,0,10,1,0,0,2,0,0,0,0,1,14,8,0.395,0.79,-1
-0.036144003,0,0,0,0,1,0,4,5,0,1,0,0,0,0,0,1,11,10,0.411,0.844545455,0
-0.168672014,0,0,0,0,0,0,1,2,0,0,0,0,0,1,0,1,4,5,0.458,0.925,-1
-0.162648014,0,0,0,0,0,0,7,2,0,1,0,0,0,0,0,1,8,9,0.457777778,0.87375,0
-0.077848622,0,0,0,0,0,0,6,5,0,0,0,0,0,1,0,1,7,8,0.50875,0.857142857,0
0.039156003,1,1,0,0,3,0,6,3,0,0,0,0,0,0,0,1,10,14,0.417857143,0.819,1
-0.063252005,0,0,0,0,2,0,2,3,0,1,1,1,0,0,0,1,8,9,0.434444444,0.81625,-1
-0.058386466,0,0,0,0,0,0,6,3,0,1,0,0,0,0,0,1,3,11,0.490909091,0.916666667,-0.7
-0.118837101,0,0,0,0,0,0,5,4,0,1,0,0,0,1,0,1,5,6,0.393333333,0.888,-1
-0.126504011,0,0,0,0,0,0,8,1,0,0,0,0,0,0,0,1,10,7,0.33,0.818,-0.4
-0.070280006,0,0,0,0,0,0,9,4,0,1,0,0,0,0,0,1,10,14,0.379285714,0.876,-1
0.063252005,0,0,0,0,1,0,8,1,0,0,0,0,0,0,0,1,14,8,0.43875,0.845714286,1
-0.158130013,0,0,1,1,0,0,5,2,0,0,0,0,0,0,0,1,7,9,0.497777778,0.824285714,-1
-0.151804813,0,0,0,0,0,0,2,1,0,0,0,0,0,0,0,1,2,6,0.375,0.76,0
-0.094878008,0,0,0,0,0,0,4,1,0,0,0,0,0,0,0,1,4,7,0.391428571,0.8225,0
0.060616505,0,0,0,0,2,0,4,3,0,0,0,0,0,0,0,1,6,8,0.4825,0.878333333,1
-0.161005105,0,0,0,0,0,0,5,4,0,1,0,0,0,0,0,1,3,6,0.396666667,0.906666667,0
0.063252005,0,0,0,0,0,0,8,3,0,0,0,0,0,0,0,1,10,8,0.3875,0.857,1
0,0,0,0,0,0,0,4,2,0,1,0,0,0,0,0,1,2,5,0.386,0.855,-1
-0.063252005,0,0,0,0,1,0,2,0,0,0,0,0,0,0,0,1,5,7,0.407142857,2.09E+13,0
0,0,0,0,0,0,0,4,2,0,0,0,0,0,0,0,1,4,5,0.434,0.8925,0
0,0,0,0,0,0,0,1,1,0,0,0,0,0,0,0,1,3,3,0.436666667,0.883333333,0
-0.063252005,0,0,0,0,0,0,2,1,0,1,0,0,0,0,0,1,4,5,0.432,0.8175,0
-0.216864018,0,0,0,0,0,0,5,2,0,0,0,0,0,0,0,1,6,6,0.335,0.881666667,-1
-0.134937611,0,0,0,0,0,0,11,3,0,0,0,0,0,0,0,1,7,8,0.45125,0.79,-1
-0.126504011,0,0,0,0,0,0,4,1,4,0,0,0,0,0,0,1,4,8,0.43375,0.75,-1
-0.028112002,0,0,0,0,1,0,2,2,0,0,1,0,0,0,0,1,5,3,0.436666667,0.866,0.6
0.079516807,0,0,0,0,0,0,9,4,0,0,0,0,0,0,0,1,15,12,0.443333333,0.826666667,1
-0.12299001,0,0,0,0,0,0,7,3,0,0,0,0,0,0,0,1,13,13,0.476923077,8.05E+12,-1
-0.110691009,0,0,0,0,0,0,12,3,1,0,0,0,0,0,0,1,11,13,0.450769231,0.774545455,-1
-0.033734403,0,0,0,0,0,0,12,3,0,0,0,1,0,0,0,1,9,10,0.447,0.806666667,-1
-0.136235088,0,0,0,0,0,0,10,2,0,2,0,0,0,0,0,1,7,12,0.391666667,0.795714286,-1
-0.155697244,0,0,0,0,1,0,6,2,0,1,0,0,0,0,0,1,5,9,0.403333333,0.772,-1
-0.084336007,0,0,0,0,0,0,6,7,0,0,0,0,0,0,0,1,6,12,0.418333333,0.788333333,-1
-0.108432009,0,0,0,0,0,0,8,4,0,2,0,0,0,0,0,1,12,10,0.407,0.871666667,-1
0,0,0,0,0,0,0,8,4,0,2,0,0,0,0,0,1,12,10,0.407,0.871666667,-1
-0.067468806,0,0,0,0,0,0,9,4,0,2,0,0,0,0,0,1,8,9,0.408888889,0.86,-1
-0.101203209,0,0,0,0,0,0,11,4,1,1,0,0,0,0,0,1,9,7,0.405714286,0.821111111,-1
-0.063252005,0,0,0,0,0,0,8,1,0,0,0,0,0,0,0,1,15,7,0.408571429,0.854,-1
-0.126504011,0,0,0,0,0,0,7,1,0,0,1,0,0,0,0,1,8,5,0.426,0.86875,-1
0,0,0,0,0,0,0,2,1,0,1,0,0,0,0,0,1,4,5,0.442,0.8125,0
0.050601604,0,0,0,0,0,0,4,0,0,0,0,0,0,0,0,1,6,6,0.403333333,0.888333333,1
-0.168672014,0,0,0,0,1,0,3,1,1,0,0,1,0,0,0,1,7,7,0.308571429,0.89,-0.5
0,0,0,0,0,0,0,0,1,0,0,0,0,0,0,0,1,3,3,0.436666667,0.79,-0.2
-0.092002917,0,0,0,0,0,0,6,4,0,0,0,0,0,0,0,1,12,7,0.355714286,0.855,-0.2
0.055142774,0,0,0,0,1,0,10,2,0,0,0,0,0,0,0,1,17,7,0.388571429,5.90E+12,1
-0.151804813,0,0,0,0,0,0,6,2,0,0,0,0,0,0,0,1,9,10,0.39,0.874444444,-1
-0.072288006,0,0,0,0,0,0,4,3,0,0,0,0,0,0,0,1,7,11,0.441818182,0.858571429,0
-0.075902406,0,0,0,0,0,0,6,3,4,3,0,1,0,0,0,1,2,3,0.436666667,0.76,-1
-0.089296949,0,0,0,0,0,0,11,5,0,1,0,0,0,0,0,1,7,7,0.437142857,0.908571429,-0.1
-0.092769608,0,0,0,0,0,0,10,5,0,0,0,0,0,0,0,1,12,8,0.39875,8.72E+12,-0.3
-0.150600013,0,0,0,0,0,0,6,7,1,0,0,0,0,0,0,1,12,9,0.38,0.86,-1
0,0,0,0,0,0,0,6,7,1,0,0,0,0,0,0,1,12,9,0.38,0.86,-1
0,0,0,0,0,0,0,1,1,0,0,0,0,0,0,0,1,1,4,0.45,0.92,-0.5
-0.11244801,0,0,0,0,0,0,0,2,0,0,0,0,0,0,0,1,6,5,0.44,0.901666667,0
-0.050601604,0,0,0,0,0,0,1,3,0,0,0,0,0,0,0,1,2,5,0.47,0.9,-0.5
-0.126504011,0,0,0,0,0,0,2,2,0,0,0,0,0,1,0,1,2,6,0.425,0.835,0
-0.115003646,0,0,0,0,2,0,3,5,0,0,0,0,0,0,0,1,10,10,0.388,0.841,-1
-0.151804813,0,0,0,0,0,0,11,3,0,0,0,0,0,0,0,1,11,9,0.438888889,0.834545455,-1
-0.085842007,0,0,0,0,0,0,5,2,0,0,0,0,0,0,0,1,5,6,0.411666667,0.85,0
0,0,0,0,0,0,0,1,3,0,0,0,0,0,0,0,1,8,8,0.41625,0.84625,0
-0.079065007,0,0,0,0,1,0,5,4,0,1,1,0,0,0,0,1,9,7,0.401428571,0.85,-1
-0.115003646,0,0,0,0,1,0,5,4,0,0,1,0,0,0,0,1,8,11,0.47,0.83625,-0.3
-0.168672014,0,0,0,0,0,0,0,2,0,3,0,0,0,0,0,1,2,4,0.435,0.76,-0.5
0,0,0,0,0,0,0,4,4,0,1,0,0,0,0,0,1,7,7,0.525714286,0.771428571,0.5
-0.110691009,0,0,0,0,0,0,9,5,0,1,0,0,0,0,0,1,6,7,0.472857143,0.87,-0.3
-0.144576012,0,0,0,0,0,0,4,3,0,0,0,1,0,0,0,1,8,7,0.417142857,0.79625,-0.3
-0.126504011,0,0,0,0,1,0,4,3,1,0,0,0,0,0,0,1,11,9,0.408888889,0.851818182,-1
0,0,0,0,0,0,0,4,0,0,0,0,0,0,0,0,1,4,5,0.436,0.7975,0
-0.144576012,0,0,0,0,0,0,2,2,0,1,0,0,0,0,0,1,9,7,0.432857143,0.867777778,0
-0.126504011,0,0,0,0,1,0,1,0,0,0,0,0,0,0,0,1,4,7,0.407142857,0.9125,0
-0.090360008,0,0,0,0,0,0,1,1,0,0,0,0,0,0,0,1,1,4,0.45,0.92,0
0.126504011,0,0,0,0,0,0,4,2,0,0,0,0,0,0,0,1,7,8,0.3425,0.84,0.3
-0.119062598,0,0,0,0,1,0,13,3,0,0,0,1,0,0,0,1,8,12,0.433333333,0.8525,-1
0.048192004,1,1,0,0,0,0,4,1,0,0,0,0,0,0,0,1,7,7,0.388571429,0.875714286,1
0.054818405,0,0,0,0,1,0,3,4,0,0,0,0,0,0,0,1,6,8,0.39,0.798333333,1
-0.153612013,0,0,0,0,1,0,4,5,0,1,2,0,0,0,0,1,6,6,0.475,0.906666667,-1
-0.108432009,0,0,0,0,0,0,7,5,0,2,0,0,0,0,0,1,7,11,0.426363636,0.885714286,-0.2
-0.050601604,0,0,0,0,0,0,9,5,1,0,0,0,0,0,0,1,8,14,0.429285714,0.7875,-1
0,0,0,0,0,0,0,1,0,0,0,0,0,0,0,0,1,3,3,0.436666667,0.883333333,1
0.178593897,0,0,0,0,0,0,3,2,0,0,0,0,0,0,0,1,7,7,0.422857143,0.857142857,1
-0.253008021,0,0,0,0,0,0,0,0,0,0,0,0,0,0,0,1,2,4,0.4,0.94,-0.5
0,0,0,0,0,0,0,3,0,0,0,0,0,0,0,0,1,4,5,0.428,0.8775,1
-0.175159399,0,0,0,0,0,0,2,4,0,0,0,0,0,0,0,1,13,12,0.433333333,0.806923077,-0.2
-0.084336007,0,0,0,0,0,0,10,2,0,0,0,0,0,0,0,1,12,7,0.48,0.804166667,-0.3
0.050601604,0,0,0,0,0,0,1,4,0,0,0,0,0,0,0,1,3,5,0.436,0.896666667,0.2
0,0,0,0,0,0,0,2,1,1,0,0,0,0,0,0,1,4,4,0.485,0.8125,1
-0.075902406,0,0,0,0,0,0,5,2,0,0,0,0,0,0,0,1,8,7,0.365714286,0.86625,-0.2
-0.140560012,0,0,0,0,2,0,7,3,0,0,0,1,0,0,0,1,11,13,0.429230769,0.886363636,-1
-0.084336007,0,0,0,0,0,0,9,4,1,2,0,0,0,0,0,1,6,11,0.365454545,0.896666667,-1
0.031626003,1,1,0,0,0,0,4,2,0,0,0,0,0,0,0,1,5,5,0.448,0.826,1
0,0,0,0,0,0,0,3,4,0,1,0,0,0,0,0,1,4,8,0.46625,0.9225,0.2
0,0,0,0,0,0,0,2,2,0,1,0,0,0,0,0,1,1,3,0.436666667,0.92,-0.3
0.084336007,0,0,0,0,0,0,2,1,0,0,0,0,0,0,0,1,4,7,0.311428571,0.7925,0.2
-0.054216005,0,0,0,0,1,0,6,4,1,1,0,0,0,0,0,1,9,12,0.391666667,0.842222222,-0.4
-0.092002917,1,1,0,0,0,0,9,2,0,0,0,0,0,0,0,1,8,8,0.42,0.795,-0.2
-0.042168004,0,0,0,0,0,0,2,2,0,0,0,0,0,0,0,1,5,6,0.401666667,0.912,-0.1
0,0,0,0,0,0,0,6,3,0,1,0,0,0,0,0,1,8,10,0.377,0.8925,0.3
0.084336007,0,0,0,0,2,0,5,2,0,0,2,0,0,0,0,1,11,7,0.427142857,0.842727273,1
0,0,0,0,0,0,0,3,0,0,0,0,0,0,0,0,1,3,3,0.436666667,0.86,0
0,0,0,0,0,0,0,1,0,0,0,0,0,0,0,0,1,2,3,0.436666667,0.76,0
-0.084336007,0,0,0,0,0,0,3,0,0,0,0,0,0,0,0,1,3,3,0.436666667,0.863333333,0
0.072288006,0,0,0,0,0,0,3,1,0,0,0,0,0,0,0,1,8,6,0.413333333,0.8475,0.2
-0.108432009,0,0,0,0,0,0,5,2,0,0,0,0,0,0,0,1,5,9,0.445555556,0.91,-0.3
-0.126504011,0,0,0,0,0,0,3,1,0,0,0,0,0,0,0,1,4,5,0.44,0.9075,-0.2
-0.253008021,0,0,0,0,0,0,1,1,0,0,0,0,0,0,0,1,4,3,0.436666667,0.8425,-0.1
-0.108432009,0,0,0,0,0,0,8,3,0,0,0,0,0,0,0,1,3,6,0.415,0.92,-0.1
0.094878008,0,0,0,0,1,0,8,2,0,0,0,0,0,1,0,1,5,9,0.401111111,0.914,0.2
0.084336007,0,0,0,0,0,0,9,3,0,2,0,0,0,0,0,1,7,6,0.501666667,0.73,1
0,0,0,0,0,0,0,3,2,0,1,0,0,0,0,0,1,6,6,0.478333333,0.863333333,-0.1
-0.069002188,0,0,0,0,1,0,6,2,0,0,0,1,0,0,0,1,13,8,0.41,0.831538462,-0.5
0,0,0,0,0,0,0,3,2,0,0,0,0,0,0,0,1,2,3,0.436666667,0.915,-1
-0.189756016,0,0,0,0,1,0,5,1,0,0,0,0,0,0,0,1,7,6,0.433333333,0.84,-1
-0.11244801,0,0,0,0,0,0,5,4,0,1,0,0,0,0,0,1,6,6,0.45,0.825,-0.2
0,0,0,0,0,0,0,5,4,0,1,0,0,0,0,0,1,6,6,0.45,0.825,-0.2
0,0,0,0,0,0,0,5,4,0,1,0,0,0,0,0,1,6,6,0.45,0.825,-0.2
0,0,0,0,0,0,0,5,4,0,1,0,0,0,0,0,1,6,6,0.45,0.825,-0.2
0,0,0,0,0,0,0,5,4,0,1,0,0,0,0,0,1,6,6,0.45,0.825,-0.2
0,0,0,0,0,0,0,5,4,0,1,0,0,0,0,0,1,6,6,0.45,0.825,-0.2
0,0,0,0,0,0,0,5,4,0,1,0,0,0,0,0,1,6,6,0.45,0.825,-0.2
-0.108432009,0,0,0,0,0,0,5,4,0,0,0,0,0,0,0,1,8,8,0.48625,0.79125,-0.3
-0.253008021,0,0,0,0,0,0,0,1,0,1,0,0,0,0,0,1,1,2,0.345,0.85,-0.1
-0.168672014,0,0,0,0,0,0,2,0,0,0,0,0,0,0,0,1,4,2,0.45,0.855,-0.2
-0.081324007,0,0,0,0,0,0,6,5,0,0,0,0,0,0,0,1,9,7,0.408571429,0.883333333,-0.1
-0.105420009,0,0,0,0,0,0,2,1,0,0,0,0,0,0,0,1,5,2,0.395,0.884,0
-0.202406417,0,0,0,0,0,0,3,2,0,0,0,0,0,0,0,1,5,5,0.442,0.826,-1
-0.101203209,0,0,0,0,1,0,4,0,0,1,0,0,0,0,0,1,3,3,0.466666667,0.856666667,0
-0.180720015,0,0,0,0,1,0,6,3,0,0,0,0,0,0,0,1,4,5,0.474,0.9175,-0.1
-0.101203209,0,0,0,0,0,0,4,4,0,0,0,1,0,0,0,1,4,6,0.468333333,0.8775,-1
-0.084336007,0,0,0,0,0,0,1,3,0,1,0,0,0,0,0,1,5,8,0.4425,0.866,-0.3
-0.097310777,0,0,0,0,2,0,4,3,0,1,0,0,0,0,0,1,9,11,0.475454545,0.894444444,-0.1
0,1,1,0,0,0,0,1,0,0,0,0,0,0,0,0,1,2,1,0.4,0.865,1
0.063252005,1,1,0,0,2,0,3,3,0,1,2,0,0,0,0,1,10,9,0.446666667,0.784,1
-0.063252005,0,0,0,0,0,0,3,1,0,2,0,0,0,1,0,1,2,3,0.52,0.865,-0.4
0.126504011,0,0,0,0,0,0,1,0,0,0,0,0,0,0,0,1,3,6,0.4,0.863333333,1
-0.084336007,0,0,0,0,0,0,7,2,0,0,0,0,0,0,0,1,7,6,0.441666667,0.831428571,-0.5
0.042168004,0,0,0,0,0,0,4,2,0,0,0,0,0,0,0,1,7,5,0.356,0.891428571,1
-0.063252005,0,0,0,0,0,0,5,2,0,0,0,0,0,1,0,1,6,3,0.443333333,0.873333333,-1
-0.056224005,0,0,0,0,0,0,7,2,1,0,0,1,0,0,0,1,8,6,0.495,1.25E+13,-1
-0.092002917,0,0,0,0,0,0,5,4,0,0,0,0,0,0,0,1,11,14,0.446428571,0.88,-1
-0.126504011,0,0,0,0,0,0,5,3,0,0,0,0,0,0,1,1,9,4,0.345,1.12E+13,-1
-0.084336007,0,0,0,0,0,0,5,1,0,0,0,0,0,0,0,1,3,4,0.5275,0.893333333,-1
-0.147588012,0,0,0,0,0,0,10,1,0,0,0,0,0,0,0,1,6,9,0.403333333,0.831666667,-0.1
-0.031626003,0,0,0,0,0,0,4,3,0,0,0,0,0,0,0,1,1,1,0.4,0.85,-0.1
-0.155697244,0,0,0,0,0,0,8,4,0,0,0,0,0,0,0,1,12,7,0.378571429,0.811666667,-1
0,0,0,0,0,0,0,4,1,0,0,0,0,0,0,0,1,5,5,0.368,0.902,1
0,0,0,0,0,0,0,0,0,0,1,0,0,0,1,0,1,1,1,0.4,0.85,0
-0.115003646,0,0,0,0,1,0,5,3,0,0,0,0,0,1,0,1,8,12,0.485,0.85625,-1
-0.101203209,0,0,0,0,0,0,5,5,6,1,0,0,0,0,0,1,8,7,0.371428571,0.84875,-1
-0.144576012,0,0,0,0,0,0,4,1,0,1,0,0,0,0,0,1,8,5,0.442,0.795,0
-0.025300802,0,0,0,0,0,0,4,5,0,0,0,0,0,0,0,1,9,3,0.503333333,0.832222222,-0.5
-0.144576012,0,0,0,0,1,0,8,2,0,0,0,0,0,0,0,1,11,11,0.48,0.811818182,-1
-0.105420009,0,0,0,0,1,0,5,2,0,0,0,0,0,0,0,1,11,9,0.461111111,0.864545455,-0.5
0.036144003,0,0,0,0,0,0,7,0,0,0,0,0,0,0,0,1,6,5,0.446,0.843333333,1
-0.161005105,0,0,0,0,1,0,5,3,0,0,0,0,0,0,0,1,7,8,0.395,0.867142857,-0.5
0,0,0,0,0,1,0,5,3,0,0,0,0,0,0,0,1,7,8,0.395,0.867142857,-0.5
0.161005105,0,0,0,0,0,0,5,3,0,0,0,0,0,0,0,1,8,8,0.4875,1.31E+13,0.3
-0.155697244,0,0,0,0,0,0,6,6,0,0,0,0,0,0,0,1,9,12,0.424166667,0.812222222,-0.4
-0.194621555,0,0,0,0,0,0,5,4,0,0,0,0,0,0,0,1,9,9,0.351111111,0.858888889,-0.3
-0.158130013,0,0,0,0,1,0,8,4,0,0,0,0,0,0,0,1,12,10,0.411,0.819166667,-0.1
0,0,0,0,0,1,0,8,3,0,0,0,0,0,0,0,1,12,10,0.411,0.819166667,-0.1
-0.084336007,0,0,0,0,1,0,4,5,0,0,0,0,0,0,0,1,10,13,0.423846154,0.842,-0.3
-0.084336007,0,0,0,0,0,0,5,4,0,0,0,1,0,0,0,1,3,6,0.481666667,0.773333333,-0.5
-0.090360008,0,0,0,0,1,0,6,3,0,0,1,0,0,0,0,1,9,7,0.467142857,0.831111111,0
-0.036144003,0,0,0,0,0,0,4,2,0,0,0,1,0,0,0,1,2,4,0.5025,0.865,-0.1
-0.105420009,0,0,0,0,1,0,7,2,0,0,0,1,0,0,0,1,8,6,0.418333333,0.8725,-0.3
-0.090360008,0,0,0,0,2,0,4,4,0,0,0,0,0,0,0,1,12,16,0.4075,8.72E+12,-1
-0.144576012,0,0,0,0,0,0,7,6,0,0,0,0,0,0,0,1,8,9,0.422222222,0.87,-1
-0.162648014,0,0,0,0,0,0,10,2,0,0,0,1,0,0,0,1,15,10,0.409,0.874,-0.7
-0.126504011,0,0,0,0,0,0,6,4,0,0,0,0,0,0,0,1,9,11,0.424545455,0.844444444,-0.2
-0.054216005,0,0,0,0,0,0,8,3,0,0,0,0,0,0,0,1,11,9,0.441111111,0.852727273,-1
-0.072288006,0,0,0,0,2,0,6,4,0,0,0,0,0,0,0,1,11,12,0.415,0.817272727,-1
-0.110691009,0,0,0,0,2,0,7,2,0,0,1,0,0,0,0,1,12,8,0.39875,0.833333333,-0.5
-0.101203209,0,0,1,1,1,0,4,2,0,0,0,0,0,0,0,1,4,6,0.378333333,0.75,-0.5
-0.077848622,0,0,0,0,2,0,8,2,0,0,0,0,0,0,0,1,14,11,0.336363636,0.828571429,-1
0,0,0,0,0,0,0,5,1,0,1,0,0,0,0,0,1,2,5,0.486,0.865,-0.2
-0.147588012,0,0,0,0,0,0,5,5,0,0,0,0,0,1,0,1,9,8,0.4325,0.835555556,-0.2
-0.097310777,0,0,0,0,2,0,5,4,0,0,0,0,0,0,0,1,12,9,0.5,0.8575,-0.2
-0.074414124,0,0,0,0,1,0,10,5,1,1,0,0,0,1,0,1,9,8,0.45125,0.872222222,-0.3
-0.075902406,0,0,0,0,0,0,5,4,0,0,0,0,0,0,0,1,5,5,0.486,0.836,0
0,0,0,0,0,0,0,4,2,0,0,0,0,0,0,0,1,4,5,0.52,0.89,0
-0.168672014,0,0,0,0,0,0,1,0,0,0,0,0,0,0,0,1,3,4,0.4875,0.893333333,0
-0.101203209,0,0,0,0,0,0,1,2,0,0,0,0,0,0,0,1,7,6,0.418333333,0.864285714,0
-0.126504011,0,0,0,0,0,0,7,1,0,0,0,0,0,0,0,1,5,6,0.426666667,0.894,-1
-0.175159399,0,0,0,0,0,0,4,5,0,0,0,0,0,0,0,1,12,7,0.344285714,8.72E+12,-0.2
-0.140560012,0,0,0,0,0,0,3,4,0,0,0,0,0,0,0,1,7,6,0.435,1.43E+13,-1
-0.163711073,0,0,0,0,0,0,12,5,0,0,0,0,0,0,0,1,6,8,0.3175,0.9,-0.2
-0.097310777,0,0,0,0,1,0,7,3,0,0,0,0,0,0,0,1,14,9,0.366666667,0.877142857,-0.5
-0.097310777,0,0,0,0,1,0,6,5,0,0,0,0,0,0,0,1,9,8,0.54,0.815555556,-0.5
-0.079065007,0,0,0,0,0,0,10,4,0,0,0,0,0,0,0,1,12,13,0.401538462,0.8325,-0.2
-0.090360008,0,0,0,0,0,0,7,6,0,0,0,0,0,0,0,1,14,15,0.419333333,0.84,-0.1
-0.097310777,0,0,0,0,0,0,8,2,0,0,0,0,0,0,0,1,6,11,0.462727273,0.886666667,-0.1
-0.094878008,0,0,0,0,0,0,10,5,0,0,0,0,0,0,0,1,9,10,0.446,0.871111111,-0.2
-0.028112002,0,0,0,0,1,0,10,2,0,0,1,0,0,0,0,1,7,2,0.48,0.855714286,-0.1
-0.092002917,0,0,0,0,2,0,4,3,0,0,0,0,0,0,0,1,10,6,0.451666667,0.863,-1
-0.108432009,0,0,1,1,1,0,2,3,0,0,0,0,0,1,0,1,5,6,0.51,0.882,-0.6
-0.147588012,0,0,0,0,0,0,5,6,1,2,0,0,0,0,0,1,6,7,0.464285714,0.888333333,-1
0,0,0,0,0,0,0,2,0,0,0,0,0,0,0,0,1,3,3,0.34,0.896666667,1
-0.168672014,0,0,0,0,0,0,5,3,0,0,0,0,0,0,0,1,6,4,0.4575,0.873333333,-0.2
0.063252005,0,0,0,0,0,0,2,4,0,0,0,0,0,0,0,1,3,4,0.3975,0.863333333,1
-0.245566609,0,0,0,0,0,0,2,2,0,0,0,0,0,0,0,1,6,4,0.4275,0.836666667,-0.2
-0.151804813,0,0,1,1,0,0,7,1,0,1,0,0,0,0,0,1,4,2,0.415,0.875,0
0,0,0,0,0,0,0,0,0,0,0,0,0,0,0,0,1,1,1,0.4,0.85,0
0.084336007,0,0,0,0,0,0,4,1,0,0,0,0,0,0,0,1,6,4,0.3975,0.788333333,1
0,1,1,0,0,0,0,2,0,0,0,0,0,0,0,0,1,3,3,0.34,0.896666667,1
-0.126504011,0,0,0,0,0,0,4,1,0,0,0,0,0,0,0,1,4,4,0.365,0.8875,-0.2
-0.063252005,0,0,0,0,0,0,1,1,0,1,0,0,0,0,0,1,4,7,0.382857143,0.8825,0
-0.075902406,0,0,0,0,1,0,8,1,0,1,0,0,0,0,0,1,8,3,0.486666667,0.8175,-0.1
-0.042168004,0,0,0,0,1,0,7,2,0,1,0,0,0,0,0,1,10,7,0.421428571,0.807,-0.2
0.092002917,0,0,0,0,2,0,2,4,0,0,1,0,0,0,0,1,9,7,0.41,0.848888889,1
-0.136235088,0,0,0,0,0,0,8,2,2,0,0,1,0,0,0,1,7,7,0.448571429,0.895714286,-1
-0.036144003,0,0,0,0,0,0,9,5,2,0,0,0,0,0,0,1,8,13,0.380769231,0.87375,-1
-0.161005105,0,0,0,0,0,0,9,1,2,0,0,0,0,0,0,1,10,12,0.395833333,1.05E+13,-1
-0.063252005,0,0,0,0,0,0,4,0,0,1,0,0,0,0,0,1,3,2,0.48,0.773333333,0
0,0,0,0,0,2,0,2,1,0,0,1,0,0,0,0,1,4,5,0.428,0.8925,1
-0.084336007,0,0,0,0,0,0,4,2,0,0,0,0,0,0,0,1,4,6,0.443333333,0.8175,-0.1
-0.108432009,0,0,0,0,0,0,4,1,0,0,0,0,0,0,0,1,7,7,0.495714286,0.835714286,-0.2
-0.144576012,0,0,0,0,0,0,6,1,0,0,0,0,0,0,0,1,8,3,0.42,0.78125,-0.5
-0.175159399,0,0,0,0,1,0,8,3,0,0,0,0,0,0,0,1,16,8,0.535,0.77,-0.5
-0.11244801,0,0,0,0,0,0,7,1,0,0,0,0,0,0,0,1,5,6,0.43,0.846,-0.5
-0.031626003,0,0,0,0,1,0,3,2,0,0,0,0,0,0,0,1,6,3,0.416666667,0.825,-0.5
-0.094878008,0,0,0,0,0,0,3,3,0,0,0,0,0,0,0,1,5,4,0.3625,0.814,-0.5
-0.077848622,0,0,0,0,0,0,6,5,0,0,0,0,0,0,0,1,11,11,0.443636364,0.842727273,-0.3
-0.090360008,0,0,0,0,0,0,7,7,0,0,0,0,0,0,0,1,5,4,0.45,0.85,-0.5
-0.050601604,0,0,0,0,0,0,10,3,0,0,0,1,0,0,0,1,8,7,0.437142857,0.83125,-1
-0.126504011,0,0,0,0,0,0,5,1,0,0,0,0,0,0,0,1,4,2,0.615,0.8025,-0.7
0.168672014,0,0,0,0,0,0,2,0,0,0,0,0,0,0,0,1,3,4,0.4925,0.826666667,1
-0.126504011,0,0,0,0,1,0,6,3,0,2,0,0,0,0,0,1,7,5,0.414,0.841428571,-0.6
-0.253008021,0,0,0,0,1,0,0,0,0,0,0,0,0,0,0,1,6,3,0.306666667,0.903333333,0
-0.084336007,0,0,0,0,0,0,3,2,0,2,0,0,0,0,0,1,4,5,0.426,0.8675,0
-0.097310777,0,0,0,0,1,0,8,2,0,0,0,0,0,0,0,1,9,8,0.44,0.826666667,-0.3
-0.147588012,0,0,0,0,1,0,6,1,2,0,0,0,0,0,0,1,7,7,0.482857143,0.864285714,-0.6
-0.021084002,0,0,0,0,1,0,6,2,2,0,0,0,0,0,0,1,8,7,0.482857143,0.83125,-0.6
-0.126504011,0,0,0,0,0,0,5,3,0,0,0,0,0,0,0,1,3,3,0.483333333,0.87,-1
-0.108432009,0,0,0,0,0,0,6,6,0,3,0,0,0,1,0,1,5,9,0.432222222,0.91,-0.8
-0.136235088,0,0,0,0,0,0,6,1,3,0,0,1,0,0,0,1,3,6,0.431666667,0.866666667,-1
-0.063252005,0,0,0,0,0,0,1,1,0,0,0,0,0,0,0,1,3,4,0.43,0.87,-0.3
-0.072288006,0,0,0,0,0,0,5,1,0,1,0,0,0,0,0,1,5,3,0.596666667,0.782,0
0,0,0,0,0,0,0,5,1,0,1,0,0,0,0,0,1,5,3,0.596666667,0.782,0
0,0,0,0,0,0,0,5,1,0,1,0,0,0,0,0,1,5,3,0.596666667,0.782,0
0,0,0,0,0,0,0,5,1,0,1,0,0,0,0,0,1,5,3,0.596666667,0.782,0
0,0,0,0,0,0,0,5,1,0,1,0,0,0,0,0,1,5,3,0.596666667,0.782,0
0,0,0,0,0,0,0,5,1,0,1,0,0,0,0,0,1,5,3,0.596666667,0.782,0
0,0,0,0,0,0,0,5,1,0,1,0,0,0,0,0,1,5,3,0.596666667,0.782,0
0,0,0,0,0,0,0,2,1,0,0,0,0,0,0,0,1,2,5,0.432,0.9,0
0.105420009,0,0,0,0,0,0,5,4,0,0,0,0,0,0,0,1,10,11,0.516363636,0.874,1
-0.063252005,0,0,0,0,0,0,7,3,0,0,0,0,0,0,0,1,9,6,0.433333333,0.848888889,-1
0,0,0,0,0,0,0,7,3,0,0,0,0,0,0,0,1,9,6,0.433333333,0.848888889,-1
0,0,0,0,0,0,0,2,1,0,0,0,0,0,0,0,1,2,4,0.45,0.9,0.5
0.069002188,0,0,0,0,1,0,3,6,0,1,0,0,0,0,0,1,12,10,0.449,0.874166667,0.3
-0.047439004,0,0,0,0,0,0,9,2,0,0,0,1,0,0,0,1,8,8,0.42125,0.7725,-1
-0.063252005,0,0,0,0,0,0,2,1,0,0,0,0,0,0,0,1,3,6,0.415,0.903333333,-0.3
-0.092002917,0,0,0,0,0,0,6,1,0,1,0,0,0,0,0,1,5,6,0.451666667,0.876,0
0.028112002,0,0,0,0,0,0,0,2,0,0,0,0,0,0,0,1,3,6,0.406666667,0.913333333,1
0,0,0,0,0,0,0,6,0,0,0,0,0,0,0,0,1,5,5,0.458,0.872,0.5
-0.108432009,0,0,0,0,0,0,3,3,0,0,0,0,0,0,0,1,4,9,0.416666667,2.62E+13,-1
-0.15979454,0,0,0,0,2,0,5,2,0,0,0,0,0,0,0,1,12,11,0.42,0.818333333,-1
-0.101203209,0,0,0,0,0,0,2,1,0,0,0,0,1,0,0,1,6,7,0.492857143,0.811666667,-1
-0.084336007,0,0,0,0,0,0,2,0,0,0,0,0,0,0,0,1,3,4,0.4525,0.883333333,0
-0.253008021,0,0,0,0,0,0,0,0,0,1,0,0,0,0,0,1,1,3,0.436666667,0.92,0
-0.144576012,0,0,0,0,1,0,4,2,0,0,0,1,0,0,0,1,1,3,0.436666667,0.92,-1
-0.168672014,0,0,0,0,0,0,1,3,0,0,0,0,0,0,0,1,5,7,0.397142857,0.854,-1
-0.161005105,0,0,0,0,1,0,3,4,0,0,0,0,0,0,0,1,4,6,0.436666667,0.835,-0.3
-0.189756016,0,0,0,0,0,0,2,3,0,0,0,0,0,0,0,1,8,7,0.431428571,0.88875,-0.3
-0.101203209,0,0,0,0,0,0,3,3,0,0,0,0,0,1,0,1,10,10,0.36,0.879,0
-0.101203209,1,1,0,0,0,0,6,3,0,0,0,0,0,0,0,1,8,6,0.395,0.895,-1
0,0,0,0,0,0,0,1,0,0,0,0,0,0,0,0,1,1,4,0.45,0.92,0
-0.072288006,0,0,0,0,1,0,3,2,1,0,0,0,0,0,0,1,5,10,0.435,0.91,-1
-0.253008021,0,0,0,0,0,0,0,0,0,0,0,0,0,0,0,1,4,7,0.441428571,0.75,-1
0,0,0,0,0,0,0,1,1,0,0,0,0,0,0,0,1,1,3,0.436666667,0.92,0
-0.042168004,0,0,0,0,0,0,5,1,0,0,0,0,0,0,0,1,9,5,0.426,0.855555556,-0.3
-0.253008021,0,0,0,0,0,0,1,0,0,2,0,0,0,0,0,1,2,4,0.39,0.89,0
0,0,0,0,0,0,0,3,1,0,0,0,0,0,0,0,1,3,6,0.431666667,0.906666667,0.5
0.084336007,0,0,0,0,0,0,0,2,0,0,0,0,0,0,0,1,2,6,0.406666667,0.93,0.5
0,0,0,0,0,0,0,2,1,0,0,0,0,0,0,0,1,2,5,0.45,0.935,0
-0.079065007,0,0,0,0,0,0,11,4,0,0,0,0,0,0,0,1,7,14,0.341428571,0.815714286,-0.5
-0.094878008,0,0,0,0,0,0,7,0,0,1,0,0,0,0,0,1,3,5,0.448,0.873333333,0
0,0,0,0,0,0,0,2,0,0,0,0,0,0,0,0,1,2,3,0.436666667,0.855,0
-0.126504011,0,0,0,0,0,0,2,0,0,0,0,0,0,0,0,1,3,4,0.3575,0.863333333,0
-0.094878008,0,0,0,0,0,0,11,4,0,0,0,0,0,0,0,1,12,10,0.428,0.820833333,-1
-0.126504011,0,0,0,0,0,0,4,4,0,0,0,0,0,0,0,1,7,6,0.445,0.85,-0.5
-0.038924311,0,0,0,0,0,0,5,5,0,0,0,0,0,0,0,1,11,8,0.40875,0.808181818,-1
-0.074414124,0,0,0,0,0,0,12,3,0,1,0,0,0,0,0,1,5,7,0.44,0.792,-1
-0.094878008,0,0,0,0,0,0,5,2,0,0,0,0,0,0,0,1,8,5,0.438,0.845,0
-0.158130013,0,0,0,0,2,0,6,5,0,0,0,0,0,0,0,1,11,8,0.38875,0.75,0
-0.108432009,0,0,0,0,1,0,7,4,0,0,0,0,0,0,0,1,7,9,0.413333333,0.834285714,0
-0.101203209,0,0,0,0,0,0,9,3,0,1,0,0,0,0,0,1,8,7,0.452857143,0.8125,-1
-0.11244801,0,0,0,0,3,0,3,2,0,0,0,0,0,0,0,1,8,9,0.437777778,0.84375,-1
0.11244801,0,0,0,0,0,0,3,1,0,0,0,0,0,0,0,1,7,5,0.436,0.857142857,0.5
-0.11807041,0,0,0,0,0,0,5,4,0,0,0,1,0,0,0,1,12,9,0.417777778,0.8175,0
-0.105420009,0,0,0,0,2,0,7,1,0,1,0,0,0,0,0,1,9,7,0.435714286,0.798888889,0
0,0,0,0,0,0,0,1,1,1,0,0,0,0,0,0,1,3,4,0.3775,0.793333333,-1
-0.202406417,0,0,0,0,0,0,2,3,0,0,0,0,0,0,0,1,4,6,0.455,0.885,-1
-0.168672014,0,0,1,1,0,0,4,1,0,0,0,0,0,0,0,1,3,6,0.456666667,0.87,-1
-0.158130013,0,0,0,0,0,0,4,3,0,0,0,0,0,0,0,1,4,7,0.412857143,0.915,-1
-0.084336007,0,0,0,0,0,0,2,0,0,1,0,0,0,0,0,1,3,5,0.432,0.94,0
-0.058386466,0,0,0,0,0,0,7,4,0,0,0,0,0,0,0,1,9,7,0.398571429,0.808888889,-1
-0.105420009,0,0,0,0,0,0,9,2,0,0,0,0,0,0,0,1,4,6,0.411666667,0.82,-0.5
-0.069002188,0,0,1,1,0,0,7,3,0,0,0,0,0,0,0,1,9,7,0.362857143,0.867777778,-1
-0.147588012,0,0,0,0,3,0,5,2,0,0,0,0,0,0,0,1,9,13,0.445384615,0.833333333,-1
-0.110691009,0,0,0,0,1,0,8,3,0,1,0,0,0,0,0,1,4,9,0.454444444,0.8275,-1
-0.084336007,0,0,0,0,1,0,8,5,0,0,0,0,0,0,0,1,10,8,0.43625,0.84,0
-0.072288006,0,0,0,0,0,0,8,3,0,0,0,0,0,0,0,1,12,8,0.42375,0.878333333,-1
-0.177105615,0,0,0,0,0,0,6,1,0,1,0,0,0,0,0,1,8,10,0.46,0.83375,-1
0.031626003,0,0,0,0,0,0,7,1,0,0,0,0,0,0,0,1,8,10,0.385,0.81875,1
0,0,0,0,0,0,0,3,1,0,0,0,0,0,0,0,1,6,8,0.39,0.846666667,0
-0.11244801,0,0,1,1,0,0,4,3,0,0,0,0,0,0,0,1,7,10,0.429,0.915714286,-1
-0.147588012,0,0,1,1,0,0,9,2,1,1,0,0,0,0,0,1,6,9,0.442222222,0.846666667,-1
0,0,0,0,0,0,0,0,0,0,0,0,0,0,0,0,1,1,3,0.436666667,0.92,0
-0.108432009,0,0,0,0,0,0,10,4,0,1,0,0,0,0,0,1,7,6,0.366666667,0.82,-1
0.151804813,1,2,0,0,0,0,7,7,0,0,0,0,0,0,0,1,10,6,0.35,0.838,1
-0.050601604,0,0,0,0,0,0,7,4,0,0,0,0,0,0,0,1,6,8,0.46625,0.791666667,-1
-0.108432009,0,0,0,0,1,0,4,2,0,0,0,0,0,0,0,1,7,5,0.33,0.807142857,0
-0.144576012,0,0,0,0,0,0,6,6,0,0,0,0,0,0,0,1,12,10,0.446,0.805,0
-0.028112002,0,0,0,0,0,0,6,3,0,0,0,0,0,0,0,1,8,7,0.458571429,0.91875,-1
0,0,0,0,0,0,0,0,0,0,0,0,0,0,0,0,1,1,3,0.436666667,0.92,0
-0.126504011,1,1,0,0,0,0,3,5,1,0,0,0,0,0,0,1,7,7,0.517142857,0.865714286,0
0,0,0,0,0,0,0,3,1,0,1,0,0,0,0,0,1,6,4,0.355,0.741666667,-1
-0.147588012,0,0,0,0,0,0,7,3,0,0,0,0,0,0,0,1,8,7,0.474285714,0.87,-1
0,0,0,0,0,0,0,2,1,0,0,0,0,0,0,0,1,2,5,0.412,0.9,0
0,0,0,0,0,0,0,1,0,0,0,0,0,0,0,0,1,3,4,0.4225,0.913333333,0
0,0,0,0,0,0,0,1,0,0,0,0,0,0,0,0,1,1,3,0.436666667,0.92,0
-0.063252005,0,0,0,0,0,0,4,4,0,1,0,0,0,0,0,1,4,8,0.475,0.75,0
0,0,0,0,0,0,0,3,0,0,0,0,0,0,0,0,1,4,5,0.428,0.8775,1
-0.126504011,0,0,0,0,0,0,3,3,0,0,0,1,0,0,0,1,5,8,0.44875,0.894,-1
-0.11807041,0,0,0,0,0,0,9,5,0,2,0,0,0,0,0,1,8,8,0.39,0.84875,-1
0,0,0,0,0,0,0,3,0,0,0,0,0,0,0,0,1,4,5,0.428,0.8775,1
0.067468806,0,0,0,0,0,0,9,3,0,0,0,0,0,0,0,1,7,6,0.44,0.807142857,1
-0.050601604,0,0,0,0,0,0,5,0,0,0,0,0,0,0,0,1,3,4,0.45,0.863333333,0
0.072288006,0,0,0,0,1,0,1,2,0,0,0,0,0,0,0,1,6,10,0.428,0.896666667,0.5
0,0,0,0,0,0,0,3,0,0,0,0,0,0,0,0,1,7,4,0.4125,0.82,0
0.090360008,1,1,0,0,1,0,11,2,0,0,0,0,0,0,0,1,14,15,0.419333333,0.792142857,1
-0.075902406,0,0,0,0,0,0,4,3,0,0,0,0,0,0,0,1,4,6,0.428333333,0.835,-1
0,0,0,0,0,0,0,2,0,0,0,0,0,0,0,0,1,4,5,0.386,0.9025,0.4
0.036144003,1,1,0,0,2,0,3,1,0,0,0,0,0,0,0,1,8,7,0.404285714,0.9125,0.5
-0.072288006,0,0,0,0,2,0,4,3,0,0,0,0,0,0,1,1,6,7,0.457142857,0.861666667,-1
-0.221382019,0,0,0,0,0,0,5,1,0,0,0,0,0,0,0,1,7,5,0.538,0.901428571,-1
0.033734403,0,0,0,0,0,0,9,5,0,0,0,0,0,0,0,1,8,8,0.4675,0.8725,0.7
-0.101203209,0,0,0,0,0,0,6,3,0,0,0,1,0,0,0,1,5,8,0.35625,0.838,-0.8
-0.101203209,0,0,0,0,0,0,3,2,0,3,0,0,0,0,0,1,4,7,0.405714286,0.9125,-0.7
0,0,0,0,0,0,0,2,3,0,0,0,0,0,0,0,1,3,7,0.502857143,0.903333333,0
-0.097310777,0,0,0,0,0,0,5,8,0,0,0,0,1,0,0,1,9,14,0.461428571,0.818888889,-1
-0.059531299,0,0,0,0,1,0,7,4,0,0,0,1,0,0,0,1,8,9,0.352222222,0.75125,-0.7
-0.031626003,0,0,0,0,0,0,5,1,0,1,0,0,0,0,0,1,6,7,0.414285714,0.866666667,-0.1
-0.126504011,0,0,0,0,0,0,1,1,0,1,0,0,0,0,0,1,2,4,0.4525,0.885,-0.5
-0.058386466,0,0,0,0,0,0,8,1,0,1,0,0,0,0,0,1,13,8,0.425,0.806923077,-1
-0.094878008,0,0,0,0,0,0,8,6,0,1,0,0,0,0,0,1,7,8,0.4125,0.807142857,-1
-0.097310777,0,0,0,0,0,0,8,3,0,2,0,0,0,0,0,1,6,11,0.408181818,0.85,-1
-0.072288006,0,0,0,0,1,0,7,5,0,0,0,0,0,0,0,1,7,10,0.388,0.85,-0.7
0,0,0,0,0,0,0,8,3,0,2,0,0,0,0,0,1,5,11,0.408181818,0.9,-1
-0.101203209,0,0,0,0,1,0,5,2,4,1,0,0,0,0,1,1,5,5,0.4,0.858,-1
-0.116772933,0,0,0,0,1,0,8,2,1,2,0,0,0,0,0,1,6,8,0.455,0.883333333,-1
0.126504011,0,0,0,0,0,0,7,4,0,0,0,0,0,0,0,1,12,7,0.412857143,0.820833333,0.5
-0.028112002,0,0,0,0,1,0,7,1,0,0,0,0,0,0,0,1,5,8,0.525,0.776,0
-0.253008021,0,0,0,0,0,0,3,0,0,0,0,0,0,0,0,1,3,6,0.413333333,0.883333333,0
0,0,0,0,0,0,0,2,0,0,0,0,0,0,0,0,1,3,4,0.45,0.883333333,0.1
0,0,0,0,0,0,0,2,0,0,0,0,0,0,0,0,1,3,4,0.435,0.77,0
-0.058386466,0,0,0,0,0,0,5,4,0,0,0,0,0,0,0,1,6,10,0.455,0.855,0
0,0,0,0,0,0,0,2,0,0,0,0,0,0,0,0,1,2,3,0.436666667,0.855,0
-0.168672014,0,0,0,0,0,0,7,2,0,0,0,1,0,0,0,1,7,5,0.39,0.891428571,-0.4
0,0,0,0,0,0,0,6,0,0,0,0,0,0,0,0,1,5,7,0.394285714,0.894,0.8
0,0,0,0,0,0,0,2,1,0,0,0,0,0,0,0,1,2,5,0.418,0.92,0
0.059531299,0,0,0,0,0,0,13,3,0,0,1,0,0,0,0,1,7,10,0.41,0.854285714,1
0,0,0,0,0,0,0,7,0,0,0,0,0,0,0,0,1,3,7,0.46,0.8,0
-0.11244801,0,0,0,0,0,0,5,2,0,0,0,0,0,0,0,1,8,5,0.418,0.895,0
0,0,0,0,0,0,0,3,1,0,0,0,0,0,0,0,1,7,5,0.418,0.901428571,0
-0.056224005,0,0,0,0,0,0,6,1,0,0,0,0,0,0,0,1,6,4,0.45,0.855,0
-0.063252005,0,0,0,0,0,0,3,1,0,0,0,0,0,0,0,1,1,3,0.436666667,0.92,-0.5
-0.050601604,0,0,0,0,0,0,3,0,0,0,0,0,0,0,0,1,3,5,0.446,0.813333333,0
0,0,0,0,0,0,0,2,2,0,0,0,0,0,0,0,1,5,5,0.432,0.854,0
-0.084336007,0,0,0,0,1,0,4,6,2,1,0,0,0,0,0,1,12,14,0.380714286,0.870833333,-1
-0.11244801,0,0,0,0,1,0,4,3,0,1,0,0,0,0,0,1,4,8,0.47,0.89,-0.2
-0.072288006,0,0,0,0,0,0,4,2,0,0,0,0,0,0,0,1,4,6,0.445,0.9175,0
0,0,0,0,0,0,0,2,0,0,0,0,0,0,0,0,1,4,5,0.426,0.8825,0
-0.046001458,0,0,0,0,0,0,5,1,0,0,0,0,0,1,0,1,5,9,0.407777778,0.876,0
-0.084336007,0,0,0,0,0,0,2,0,0,0,0,0,0,0,0,1,3,4,0.45,0.926666667,0
0,0,0,0,0,0,0,2,0,0,0,0,0,0,0,0,1,2,5,0.428,0.92,0
-0.031626003,0,0,0,0,2,0,4,2,0,1,1,0,0,0,0,1,12,3,0.436666667,0.836666667,0
0,0,0,0,0,0,0,0,2,0,0,0,0,0,0,0,1,3,5,0.438,0.833333333,-0.1
0,0,0,0,0,0,0,0,0,0,0,0,0,0,0,0,1,1,3,0.436666667,0.92,0
-0.036144003,0,0,0,0,0,0,1,4,0,0,0,0,0,0,0,1,7,10,0.452,0.868571429,-0.1
-0.126504011,0,0,0,0,0,0,7,2,0,0,0,0,0,0,0,1,8,10,0.431,0.7875,-1
-0.144576012,0,0,0,0,0,0,6,6,0,1,0,0,0,0,0,1,8,12,0.363333333,0.85375,-0.9
-0.077848622,0,0,0,0,0,0,5,6,0,0,0,0,0,0,0,1,13,13,0.466923077,0.866153846,-1
-0.054216005,0,0,0,0,1,0,7,4,0,0,0,1,0,0,0,1,4,11,0.403636364,0.83,-1
-0.11244801,0,0,0,0,0,0,4,1,0,3,0,0,0,0,1,1,8,3,0.436666667,0.8725,-0.9
-0.090360008,0,0,0,0,0,0,10,4,0,0,0,0,0,0,0,1,11,15,0.374,0.86,-1
-0.11244801,0,0,0,0,0,0,6,3,0,0,0,0,0,0,0,1,7,6,0.401666667,0.881428571,0
-0.072288006,0,0,0,0,0,0,10,4,0,1,0,0,0,0,0,1,8,12,0.343333333,0.865,-1
-0.140560012,0,0,0,0,0,0,4,4,1,0,0,0,0,0,0,1,7,12,0.4275,0.825714286,-1
-0.084336007,0,0,0,0,1,0,0,1,0,1,0,0,0,0,0,1,3,5,0.432,0.87,0
-0.180720015,0,0,0,0,0,0,9,4,0,1,0,1,0,0,0,1,10,12,0.370833333,0.846,0
0,0,0,0,0,0,0,2,2,0,0,0,0,0,0,0,1,5,7,0.365714286,0.894,0.5
0.126504011,1,1,1,1,0,0,1,0,0,0,0,0,0,0,0,1,5,7,0.455714286,0.802,0.8
0.090360008,0,0,0,0,0,0,12,1,0,0,0,0,0,0,0,1,11,7,0.502857143,0.769090909,1
-0.116772933,0,0,1,1,0,0,8,4,1,0,0,0,0,0,0,1,9,8,0.37125,0.845555556,-1
-0.042168004,0,0,0,0,0,0,4,1,0,1,0,0,0,0,0,1,4,6,0.436666667,0.9,0
-0.253008021,0,0,0,0,1,0,0,0,0,0,0,0,0,0,0,1,1,3,0.436666667,0.92,0
-0.077848622,0,0,0,0,0,0,8,4,3,0,0,0,0,0,0,1,13,7,0.458571429,0.799230769,-0.7
-0.058386466,0,0,0,0,0,0,4,6,3,0,0,0,0,0,0,1,11,11,0.365454545,0.866363636,-1
-0.155697244,0,0,0,0,0,0,10,3,0,3,0,1,0,0,0,1,7,8,0.43875,0.874285714,-1
-0.097310777,0,0,0,0,1,0,6,4,0,0,0,1,0,0,0,1,8,8,0.38375,0.83375,-1
-0.116772933,0,0,0,0,0,0,7,3,0,1,0,1,0,0,0,1,7,8,0.4275,0.901428571,-1
-0.058386466,0,0,0,0,0,0,8,3,0,0,0,0,0,0,0,1,10,4,0.405,0.892,-0.7
-0.151804813,0,0,0,0,1,0,5,1,0,0,0,1,1,0,0,1,12,9,0.35,0.850833333,-1
-0.108432009,0,0,0,0,1,0,9,3,0,0,0,0,0,0,0,1,8,8,0.48375,0.88625,-0.9
-0.161005105,0,0,0,0,1,0,5,3,0,2,0,0,0,0,0,1,11,11,0.430909091,0.863636364,-1
-0.063252005,0,0,0,0,1,0,9,2,0,1,0,0,0,0,0,1,5,5,0.422,0.83,-0.9
-0.084336007,0,0,0,0,0,0,6,5,0,0,0,0,0,0,0,1,8,11,0.420909091,0.83375,-1
-0.077848622,0,0,0,0,1,0,9,2,0,1,0,0,0,0,0,1,11,8,0.435,0.831818182,-1
-0.115003646,0,0,1,1,0,0,5,4,4,0,0,0,0,0,0,1,11,13,0.405384615,9.51E+12,-1
0,0,0,0,0,0,0,1,1,0,0,0,0,0,0,0,1,3,5,0.46,0.883333333,0
-0.069002188,0,0,0,0,2,0,6,2,0,1,0,1,0,0,0,1,5,6,0.345,0.804,-0.3
-0.063252005,0,0,0,0,1,0,5,4,0,0,0,0,0,0,0,1,5,6,0.418333333,0.878,0
0,0,0,0,0,0,0,3,4,0,1,0,0,0,0,0,1,4,9,0.377777778,0.84,-0.4
-0.084336007,0,0,0,0,0,0,4,1,0,0,0,0,0,0,0,1,5,6,0.416666667,0.852,-0.3
-0.253008021,0,0,0,0,0,0,0,0,0,0,0,0,0,0,1,1,3,6,0.441666667,0.706666667,0
0.036144003,1,1,0,0,1,0,2,3,0,0,0,0,0,0,0,1,7,9,0.392222222,0.885714286,1
0,0,0,0,0,0,0,2,3,0,0,0,0,0,0,0,1,6,8,0.395,0.885,-0.5
-0.168672014,0,0,0,0,0,0,8,4,0,0,0,0,0,0,0,1,12,6,0.406666667,0.794166667,-1
-0.084336007,0,0,0,0,0,0,10,3,0,0,0,0,0,0,0,1,7,10,0.437,0.904285714,-0.6
0,0,0,0,0,0,0,0,1,0,0,0,0,0,0,0,1,2,3,0.436666667,0.885,0
0,0,0,0,0,0,0,0,1,0,0,0,0,0,0,0,1,2,3,0.436666667,0.885,0
0.090360008,0,0,0,0,0,0,10,4,0,0,0,0,0,0,0,1,11,9,0.342222222,0.900909091,0.3
-0.151804813,0,0,0,0,0,0,4,3,0,0,0,0,0,0,0,1,3,6,0.441666667,0.883333333,-0.4
-0.126504011,0,0,0,0,0,0,9,3,0,1,0,0,0,0,0,1,3,5,0.432,0.9,-0.6
0,0,0,0,0,0,0,1,3,0,1,0,0,0,0,0,1,4,6,0.441666667,0.9275,-0.1
-0.084336007,0,0,0,0,1,0,1,1,0,0,0,0,1,0,0,1,4,3,0.436666667,0.91,-0.8
-0.151804813,0,0,0,0,0,0,7,1,0,0,0,0,0,0,0,1,8,8,0.42125,0.85625,-0.8
-0.050601604,0,0,0,0,0,0,2,2,0,0,0,0,0,0,0,1,4,6,0.401666667,0.9175,-0.7
-0.063252005,0,0,0,0,0,0,6,2,2,0,0,0,0,1,0,1,6,6,0.365,0.853333333,-0.7
-0.058386466,0,0,0,0,1,0,7,1,0,0,0,1,0,0,0,1,8,10,0.427,0.8075,-1
0.077848622,0,0,0,0,1,0,4,4,0,1,0,0,0,0,0,1,7,6,0.415,0.83,0.1
0.151804813,0,0,0,0,0,0,2,1,0,0,0,0,0,0,0,1,1,4,0.4125,0.92,0.4
-0.084336007,0,0,0,0,1,0,5,2,0,5,0,0,0,0,0,1,7,8,0.46625,0.822857143,-0.3
0.084336007,0,0,0,0,0,0,1,1,0,0,0,0,0,0,0,1,3,4,0.485,0.8,0.3
-0.140560012,0,0,0,0,0,0,4,2,0,1,0,0,0,0,0,1,5,9,0.421111111,0.866,-0.2
-0.014882825,0,0,0,0,1,0,10,5,0,0,0,0,0,0,0,1,13,14,0.489285714,0.783846154,0
-0.126504011,0,0,0,0,0,0,4,2,0,1,0,0,0,0,0,1,5,8,0.46,0.832,0
-0.105420009,0,0,0,0,0,0,5,3,0,0,0,0,0,0,0,1,8,11,0.379090909,0.815,-0.3
-0.101203209,0,0,0,0,0,0,2,1,0,0,0,0,0,0,0,1,6,6,0.45,0.84,-0.2
-0.079065007,0,0,0,0,2,0,10,2,0,0,0,0,0,0,0,1,9,10,0.422,0.832222222,-0.1
0,0,0,0,0,0,0,0,0,0,0,0,0,0,0,0,1,1,3,0.436666667,0.92,0.3
-0.140560012,0,0,1,1,0,0,5,0,0,0,0,0,0,0,0,1,9,6,0.431666667,0.815555556,-0.5
-0.074414124,0,0,0,0,2,0,7,6,0,1,1,0,0,0,0,1,9,11,0.484545455,0.85,-0.1
-0.136235088,0,0,0,0,0,0,6,5,0,0,0,0,0,0,0,1,10,12,0.441666667,0.896,-0.2
-0.11807041,0,0,0,0,1,0,6,4,0,0,0,0,0,0,0,1,6,8,0.42875,0.781666667,-0.6
-0.184005834,0,0,0,0,0,0,7,3,0,0,0,0,0,0,0,1,8,11,0.46,0.8275,-0.8
-0.134937611,0,0,0,0,2,0,8,2,1,1,0,1,0,0,0,1,5,11,0.486363636,0.852,-0.5
0,0,0,0,0,0,0,1,0,0,0,0,0,0,0,0,1,3,3,0.436666667,0.883333333,0.4
0,0,0,0,0,0,0,1,1,0,0,0,0,0,0,0,1,2,4,0.4525,0.855,0.1
-0.028112002,0,0,0,0,0,0,6,2,0,1,0,0,0,0,0,1,4,5,0.428,0.8275,-0.1
-0.126504011,0,0,0,0,0,0,1,2,0,0,0,0,0,0,0,1,5,4,0.415,0.842,-0.2
-0.105420009,0,0,0,0,0,0,7,3,0,0,0,0,0,0,0,1,10,4,0.435,0.769,-0.1
-0.101203209,0,0,0,0,0,0,7,6,0,0,0,0,0,0,0,1,8,6,0.438333333,0.81625,-0.8
0.042168004,1,1,0,0,0,0,4,2,0,0,1,0,0,0,0,1,7,5,0.428,0.844285714,1
0,0,0,0,0,0,0,4,2,0,0,0,0,0,0,0,1,3,6,0.4,0.873333333,0.1
-0.075902406,0,0,0,0,0,0,4,1,0,0,0,1,0,0,0,1,5,10,0.499,0.908,-0.4
0.031626003,0,0,0,0,1,0,2,2,0,0,0,0,0,0,0,1,8,6,0.436666667,0.86125,0.3
0.042168004,0,0,0,0,0,0,3,2,0,0,0,0,0,0,0,1,9,7,0.395714286,0.886666667,0.2
0,0,0,0,0,0,0,0,1,0,0,0,0,0,0,0,1,1,3,0.436666667,0.92,0.1
-0.072288006,0,0,0,0,1,0,6,2,0,1,0,0,0,0,0,1,4,6,0.428333333,0.9025,-0.1
-0.044648474,1,2,0,0,0,0,11,4,0,0,0,0,0,0,0,1,5,6,0.418333333,0.912,-0.2
0.126504011,0,0,0,0,1,0,6,2,0,0,1,0,0,0,0,1,10,4,0.425,0.86,0.4
-0.168672014,0,0,0,0,1,0,3,1,0,0,0,0,0,0,0,1,7,6,0.503333333,0.785714286,-0.8
-0.084336007,0,0,0,0,1,0,3,1,0,1,0,0,0,0,0,1,8,6,0.4,0.83125,-0.8
-0.075902406,0,0,0,0,0,0,6,3,0,0,0,0,0,0,0,1,5,7,0.414285714,0.912,-0.3
-0.136235088,0,0,0,0,0,0,6,6,0,1,0,0,0,0,0,1,10,9,0.415555556,0.788,-0.6
-0.063252005,0,0,0,0,0,0,6,3,0,0,1,1,0,0,0,1,5,6,0.458333333,0.804,-0.2
0.050601604,0,0,0,0,1,0,5,2,0,0,0,0,0,0,0,1,4,8,0.4075,0.8925,0.1
-0.063252005,0,0,0,0,0,0,6,3,0,1,0,0,0,0,0,1,8,10,0.357,1.31E+13,-0.1
-0.097310777,0,0,0,0,0,0,5,2,0,0,0,0,0,0,0,1,8,11,0.447272727,1.31E+13,-0.5
-0.038924311,0,0,0,0,0,0,5,2,0,0,0,0,0,0,0,1,6,10,0.409,1.74E+13,-0.5
-0.105420009,0,0,0,0,2,0,5,3,0,3,0,1,0,0,0,1,1,3,0.436666667,0.92,-0.7
-0.116772933,0,0,0,0,0,0,6,1,0,0,0,0,0,0,0,1,6,8,0.4475,0.773333333,-0.2
0.084336007,0,0,0,0,0,0,5,5,0,0,0,0,0,0,0,1,8,7,0.405714286,0.86125,0.1
0,0,0,0,0,1,0,1,0,0,0,0,0,0,0,0,1,5,4,0.4275,0.902,0.2
0,0,0,0,0,0,0,1,1,0,0,0,0,0,0,0,1,4,4,0.4275,0.8125,0
-0.031626003,0,0,0,0,0,0,4,3,0,0,0,0,0,0,0,1,1,4,0.4125,0.92,0
-0.044648474,0,0,0,0,1,0,10,3,0,1,0,0,0,0,0,1,9,8,0.435,0.851111111,-0.1
0.036144003,0,0,0,0,0,0,5,1,0,0,0,0,0,0,0,1,9,7,0.394285714,0.896666667,0.5
-0.036144003,0,0,0,0,1,0,3,3,4,0,0,0,0,0,0,1,8,7,0.5,0.79375,-0.1
-0.189756016,0,0,0,0,0,0,7,5,0,0,0,0,0,0,0,1,9,13,0.383076923,1.16E+13,-0.6
-0.077848622,0,0,0,0,1,0,8,3,7,2,0,2,0,0,0,1,7,10,0.347,0.848571429,-0.5
0,0,0,0,0,0,0,1,1,0,0,0,0,0,0,0,1,2,6,0.415,0.76,0
0,1,1,0,0,0,0,6,1,0,0,0,0,0,0,0,1,7,6,0.421666667,0.808571429,0.2
-0.151804813,0,0,0,0,0,0,3,0,1,2,0,0,0,0,0,1,3,3,0.436666667,0.83,-0.4
-0.189756016,0,0,0,0,0,0,5,4,1,0,0,0,0,0,0,1,10,12,0.37,0.802,-0.7
0,0,0,0,0,0,0,2,0,0,0,0,0,0,0,0,1,1,3,0.436666667,0.92,0
-0.050601604,0,0,0,0,1,0,3,3,1,0,1,0,0,0,0,1,8,7,0.421428571,0.85375,-0.4
0,0,0,0,0,0,0,4,2,0,0,0,0,0,0,0,1,5,6,0.465,0.884,-0.6
-0.075902406,0,0,0,0,0,0,5,4,0,0,0,0,0,0,0,1,6,5,0.396,0.798333333,-0.2
-0.050601604,0,0,0,0,0,0,3,2,0,0,0,0,0,0,0,1,3,9,0.41,0.906666667,-0.2
0.253008021,0,0,0,0,0,0,0,0,0,0,0,0,0,0,0,1,3,3,0.436666667,0.883333333,0.1
-0.151804813,0,0,0,0,1,0,6,2,0,0,0,0,0,0,0,1,5,11,0.447272727,0.902,-0.1
0,0,0,0,0,0,0,4,1,0,0,0,0,0,0,0,1,7,6,0.43,0.824285714,0.1
-0.063252005,0,0,0,0,0,0,2,2,0,2,0,0,0,0,0,1,6,6,0.44,0.86,-0.3
-0.253008021,0,0,0,0,0,0,1,0,0,0,0,0,0,0,0,1,2,4,0.45,0.895,0
0,0,0,0,0,0,0,3,2,0,0,0,0,0,0,0,1,2,5,0.448,0.9,0
0,0,0,0,0,0,0,1,1,0,0,0,0,0,0,0,1,2,3,0.436666667,0.885,-0.2
0.101203209,1,2,0,0,1,0,3,1,0,0,0,0,0,0,0,1,3,5,0.476,0.8,0.5
-0.038924311,0,0,0,0,0,0,5,6,0,1,0,0,0,0,0,1,11,11,0.414545455,0.801818182,-0.1
-0.253008021,0,0,0,0,0,0,0,1,0,1,0,0,0,0,0,1,2,3,0.436666667,0.92,0
0,0,0,0,0,0,0,1,1,0,0,0,0,0,0,0,1,1,4,0.45,0.92,0
0.126504011,1,1,0,0,0,0,1,0,0,0,0,0,0,0,0,1,2,4,0.4525,0.9,0.1
-0.050601604,0,0,0,0,0,0,5,4,0,0,0,0,0,0,0,1,7,4,0.4525,0.811428571,-0.3
0,0,0,0,0,0,0,0,1,0,0,0,0,0,0,0,1,3,3,0.436666667,0.8,0
-0.126504011,0,0,0,0,0,0,4,1,0,0,0,0,0,0,0,1,6,5,0.386,0.893333333,-0.2
0,0,0,0,0,1,0,5,0,0,0,0,0,0,0,0,1,6,7,0.444285714,0.903333333,1
-0.069002188,0,0,0,0,0,0,3,4,0,0,0,0,0,0,0,1,8,8,0.4075,0.84,0
-0.042168004,0,0,0,0,0,0,4,0,0,1,0,0,0,0,0,1,7,6,0.408333333,0.854285714,-0.5
-0.063252005,0,0,0,0,0,0,2,2,0,0,0,0,0,0,0,1,2,6,0.386666667,0.885,-0.3
0.090360008,1,1,0,0,1,0,6,5,0,0,1,0,0,0,0,1,11,11,0.442727273,0.9,0.8
0,0,0,0,0,1,0,1,1,0,0,0,0,0,0,0,1,4,4,0.435,0.7675,-0.6
0,0,0,0,0,0,0,0,1,0,0,0,0,0,0,0,1,2,3,0.436666667,0.885,0
0,0,0,0,0,0,0,0,1,0,0,0,0,0,0,0,1,2,3,0.436666667,0.885,0
0.058386466,0,0,0,0,0,0,9,2,0,0,0,0,0,0,0,1,11,10,0.42,0.844545455,1
0.136235088,0,0,0,0,0,0,7,5,0,0,0,0,0,0,0,1,7,10,0.404,0.822857143,1
-0.253008021,1,1,0,0,0,0,1,0,0,0,0,0,0,0,0,1,1,3,0.436666667,0.92,-1
-0.168672014,1,1,0,0,0,0,2,1,0,0,0,0,1,0,0,1,4,5,0.37,0.9225,-1
0.084336007,0,0,0,0,0,0,4,0,0,0,0,0,0,0,0,1,4,6,0.441666667,0.88,0.8
-0.077848622,0,0,0,0,2,0,7,1,0,0,0,0,0,0,0,1,11,13,0.367692308,0.864545455,-1
0,0,0,0,0,0,0,1,1,1,0,0,0,0,0,0,1,3,4,0.3775,0.793333333,-1
-0.189756016,0,0,0,0,0,0,4,1,0,0,0,0,0,0,0,1,8,8,0.515,0.85,-1
